function [y] = matriz()

format long;
a=0;
matriz=[0 0 0 0 0 1; 0.01024	0.0256	0.064	0.16	0.4 1;0.32768	0.4096	0.512	0.64	0.8 1; 2.48832	2.0736	1.728	1.44	1.2 1;10.48576	6.5536	4.096	2.56	1.6 1;32	16	8	4	2 1 ];
[y]=matriz;

endfunction