function [y] = vectorb()

format long;

y=[1;1.341636716;1.61244724;1.843904484;2.049385609;2.236063266];

endfunction